11111111000000001000010000100011000000100011111111
10000001000001010000100010000010000010000010000001
10111101000011000100000100001000000010000010111101
10111101010000001001000000000010010000000010111101
10111101000100000110000110000001000010000110111101
10111101000100000000100000001001001000001010111101
10000001100010000001001000101000010001110010000001
11111111001000100000000100000100100100000011111111
00000100000101100100010000010000001100000000100000
00000000010100000001000011000010000001000000000010
00000100000000010000001000001100000010000101000100
01110000100010001000001000010000101000001001000000
00000010000010001000000010000001010000100000111000
10001000000001000100000100100001000000010000000010
00100001001100100010100001001000000000010010000010
00000100010000100000011010010010100011000001000100
11001000000010000000000100000100000010000100100000
00000100010000000001000100100000010000001000000001
00000000001000100100000100000010000100101000000000
00010010100001001100110001001001001000010001101000
10010000000100010001000010000001000010000010000100
00100110000010100010001000000100000000001010010000
00000001000000100001000000100001000001000000000011
01010010001101000010010000100000001000000100001000
00001001000000000100001000000100100000100000010000
00000000010010100000000100010010000100000010100000
00100000001001000010000001100000010010001001000100
00010001000000001000100010000000100000010000001000
00000100100100100000000100001000010001000000001001
10010010100000010000001000010001100100100001000000
01000010000000001101100100100000000010010000010000
00000000001000000000100000000110001100000100000100
00100001000010000000010010000000110000100000100010
00010000010001100100001000000100000010000010001001
00001000000000010001000001001001000000100001000000
00001000000010000000101000011000000100010000100100
01000100010000000010010000100000100010001000010000
10001010001000000100000100000100000001000010001000
00100000100100000001001000010000010001100000000110
01010001000011001000001001000010001100010000000001
00000100001000100000000010000100000010001000100000
00000000010000000100010000010001000000000100000000
11111111001000011000101001000000100000010001000000
10000001000000100000000110010000000010100001000000
10111101000000000100000000101011000100000010001100
10111101100100000001000001000100000010000000100001
10111101000011000010000000001000010000001000010010
10111101000100010010000000010001001001000100000000
10000001000000100000010000100010001000000000100000
11111111000001000000001000000000011000100000001100
