36
11
89
44
99
80
59
42
28
62
23
30
15
17
98
46
50
74
95
40
80
17
39
87
63
21
12
37
32
65
49
72
15
74
64
74
88
83
86
85
83
41
71
85
86
14
53
99
86
77
93
28
21
67
96
85
48
78
27
13
10
34
32
18
60
74
87
59
34
66
39
53
99
45
39
74
20
20
64
15
39
71
39
29
14
46
52
90
73
28
95
86
37
40
64
91
53
44
16
90
87
74
36
13
38
17
76
37
68
56
78
23
39
73
94
48
95
85
55
62
89
57
39
59
70
61
64
51
82
61
11
74
21
25
34
76
13
21
82
29
62
73
22
85
90
78
26
64
72
53
74
16
38
85
13
26
56
60
18
79
53
44
71
98
86
53
15
37
40
64
75
38
428
881
820
866
197
469
445
174
367
380
554
482
673
642
390
254
202
412
401
710
357
995
279
778
148
973
232
778
217
968
966
674
817
503
131
224
356
913
662
727
781
311
708
430
134
937
997
773
328
336
942
605
849
990
437
236
421
566
878
887
746
210
848
267
983
864
401
618
147
935
238
401
684
696
896
335
403
813
841
696
228
359
923
285
970
735
325
943
124
581
952
588
877
741
384
351
391
690
941
409
612
435
369
233
686
161
477
671
392
367
697
873
554
257
632
550
509
892
385
985
443
784
903
521
661
746
461
781
917
130
423
235
704
623
608
562
537
684
153
390
137
121
627
945
645
149
714
769
983
873
717
235
472
3546
8757
5903
6227
8942
8607
3748
5627
2051
1779
5753
9209
9636
3164
9491
8863
5549
8909
7761
5319
6889
5055
6488
6313
4691
5319
5767
6319
2193
6324
1430
7892
3424
4263
4431
9576
7762
7137
4559
6196
6017
3208
9961
7240
3429
3195
1231
8963
1475
6291
6782
8934
3022
3089
5198
3305
7819
9102
6319
4275
6344
2219
1117
1747
9344
5732
6539
6065
2174
2304
6359
2278
1566
9246
6580
7683
4064
6328
5481
5855
6334
4003
5774
5577
7358
7186
8453
6489
3463
8152
8665
2983
2885
4194
1054
6490
5056
2198
7277
6342
9013
4799
2872
4079
4655
9776
3980
4948
3612
4241
6346
4448
6010
2705
9944
3736
7142
6680
3912
9574
7674
6823
8466
2055
1983
5293
8708
7598
3488
1621
3709
3101
5235
2392
7272
4540
3749
1038
4529
23479
52368
13712
75650
44399
57851
65039
55651
23298
78874
21618
98413
89274
77449
66965
31745
33550
36406
99517
76101
78835
55296
31359
74715
48435
36991
27442
50235
36063
96771
55213
40204
69014
52588
88694
29071
51255
11989
92950
40519
87888
18630
19509
19412
83869
88631
89840
48983
18734
55724
78617
93710
56081
11072
54361
88349
10747
20190
37882
52418
48092
58478
96494
86898
93363
39118
28810
69658
23881
44494
77758
69986
58129
69333
94837
44903
87664
13840
16231
43420
29045
79596
47148
21745
73411
27432
16549
85934
87382
17849
84381
91331
98439
53361
41420
50381
35432
41389
83947
81759
56799
82793
10011
32549
34092
13278
61200
78720
81763
59648
36156
96755
86508
16498
39576
76060
23479
52368
13712
478875
163891
249142
278251
301272
178121
122249
219222
864310
875167
764889
518494
791359
581533
929325
545835
650347
973643
946046
316612
763113
918360
789278
123430
615784
739200
890385
158770
149052
566052
571452
212697
985527
278998
880898
233781
180641
944183
661525
748763
828155
958427
271477
751407
834674
534540
363123
869174
954566
244190
926988
573432
313373
523196
608994
152151
627140
245692
334613
410735
538372
194561
197728
198419
379893
750677
818950
476614
647384
971730
991111
669961
861775
439116
391454
373469
205223
341936
741566
485378
747957
441656
821779
350602
317788
241080
982236
889922
317100
994202
455044
113635
906438
521791
537519
824887
692175
562156
661153
802328
344015
427360
918095
990287
295132
589473
667388
928259
115054
978244
273422
3629195
6964534
5341445
4686963
4332835
6739189
4464640
4013754
3323578
5874693
8203371
2783784
6181062
3784062
7479205
1166969
8169333
5468663
3103966
4080874
6217163
3283761
3714478
7172736
1379944
8690992
5642238
3372001
9622794
9343633
2685802
8226993
4221245
9713703
1463303
4581149
8415118
4166306
5655847
8560691
8998815
8518620
6242070
8935782
8942179
4791341
7465792
8428409
8315435
2211466
1815327
7033185
8157826
2220106
1102164
8258401
3558291
2980715
8323171
8184624
49959423
37313343
78062945
11135613
40147198
81769087
65521413
42418532
20781019
73566468
37581823
45945386
97296832
62803861
37383229
45390099
25762786
21456543
84587432
86615935
18602192
23070445
28365876
64547862
60106397
69385106
96067924
61762161
62482183
40294279
96419163
11632849
43211491
38335773
91479118
36075567
52379856
52111502
68678434
47958376
828381658
801817344
816532241
275534933
686747787
746283883
260426112
165895164
411594733
319783798
922247258
920861477
120156748
403175884
255627432
811969908
887166548
824529279
201469267
493558963
880738826
898263583
749135486
491587638
897829731
992590323
509059314
893763549
379908841
543344205
8672219165
4451166465
2626719010
6192549245
5271718925
6657328342
3220197696
2104571890
3415439723
6081230242
