Source	Target	Size [MiB]
9	8	1077
17	4	241
6	13	1364
19	3	1117
12	8	1668
5	18	219
4	19	1139
3	2	884
18	2	134
12	5	1707
2	1	580
10	11	158
8	15	1612
7	16	611
6	10	223
8	18	21814
18	14	2227
15	16	2419
7	11	629
17	10	1246
18	5	1167
5	20	9475
3	6	905
2	13	228
8	19	697
16	3	32
16	2	1177
2	18	363
14	17	1620
5	4	1253
6	11	629
13	4	91
15	19	8
2	11	492
20	17	352
13	19	1209
15	13	1434
3	12	2143
6	12	868
12	15	978
12	9	1183
2	5	1679
2	10	1220
19	11	1172
20	6	381
16	3	1507
5	8	1576
13	14	1357
15	19	1309
3	1	1447
9	8	1649
16	18	28
16	3	484
15	17	1719
15	16	479
12	17	1521
12	17	1125
19	4	1510
2	16	142
18	5	223
1	7	1031
8	11	2062
3	6	1515
16	19	1242
7	14	362
10	6	234
16	18	855
8	19	1706
16	12	43
18	16	878
11	19	2668
10	2	959
6	10	659
11	9	405
9	10	136
2	6	806
1	12	477
9	15	1391
14	19	373
16	8	1568
15	18	912
15	9	329
17	19	1504
5	10	2337
17	6	1097
15	5	1698
9	3	846
7	10	1073
20	8	1683
7	3	570
2	13	1380
15	16	14
17	10	2013
15	17	929
10	9	1919
19	3	1261
2	17	514
3	14	1498
6	4	1177
14	11	200
9	7	317
4	15	347
11	13	1842
5	3	81
5	18	47
3	15	1642
18	4	276
2	9	1162
7	13	1395
8	18	26754
9	14	428
7	19	1848
20	14	71
16	13	184
16	10	1879
8	4	1394
7	11	449
3	12	2016
10	15	211
8	20	55125
14	5	935
12	19	952
10	6	668
6	16	627
15	20	65775
4	17	236512
18	14	1052
3	12	590
2	10	1666
7	16	1462
10	8	265
6	13	1956
18	19	300
12	4	1103
20	7	957
2	16	889
2	16	945
18	6	1837
6	15	767
12	9	231
3	2	339
6	5	1685
19	14	47
2	4	134
16	8	2408
11	16	2490
9	2	727
13	2	843
6	10	1459
9	8	938
9	8	886
11	17	2310
5	14	906
19	18	1380
5	17	1074
9	15	465
3	15	58
14	3	192
7	10	1645
14	17	1668
3	18	635
15	9	681
1	20	45500
4	6	573
15	9	1051
2	7	960
17	2	2387
17	12	746
14	6	937
18	8	1567
5	2	39
12	20	26775
6	2	650
9	13	240
10	1	1528
1	16	2302
13	6	1221
8	18	838305
7	16	2039
17	14	1076
3	19	2332
17	3	451
8	17	232
18	8	147
6	12	121
18	10	1994
15	8	637
10	5	1173
12	16	798
6	4	623
5	6	1585
10	6	666
4	15	1572
11	17	838
14	6	1060
7	12	1450
8	17	2361
5	9	1271
8	10	256
3	12	2904
19	17	1299
8	11	2404
14	13	1276
20	6	856
11	4	1735
2	11	453
8	7	6
6	12	500
12	4	550
2	12	1288
16	3	625
4	11	156446
13	19	1119
18	9	1467
14	18	574
18	6	559
9	6	1277
6	16	896
3	7	15
12	11	1066
5	15	541
2	19	109
3	16	1387
14	12	979
18	1	848
13	8	365
15	19	1488
12	20	27500
3	12	1325
19	12	683
6	7	2343
18	15	262
15	3	2460
15	3	434
10	19	1449
6	2	1963
14	2	270
4	6	1177
20	5	2187
16	19	596
2	7	1158
12	13	1748
12	14	115
14	8	422
13	2	1633
3	20	50075
9	14	1247
5	12	952
11	6	2310
17	19	121
7	5	311
3	8	534
17	11	86
7	19	168
5	15	2619
20	1	1065
5	6	1123
14	17	1324
5	7	2300
6	3	1571
19	20	3775
12	5	1033
14	4	781
13	18	1631
17	11	467
4	5	1009
17	10	283
14	7	478
12	19	387
9	2	1945
19	8	1076
16	14	1837
17	9	297
14	4	37
13	11	1043
5	4	1944
2	11	732
14	3	2000
10	5	2110
14	15	1225
1	11	1685
13	3	789
10	11	871
7	12	341
7	18	93
6	5	216
8	10	267
6	19	2070
9	19	1133
7	11	438
19	3	1137
4	12	912
4	17	427842
17	5	461
8	11	1835
15	7	370
11	7	275
7	4	771
2	1	2221
7	18	2199
18	7	1454
15	3	1148
2	10	874
10	12	325
5	8	1348
12	11	1009
12	16	883
5	16	1905
10	19	288
8	18	580476
18	15	1207
18	2	1867
13	4	99
6	7	2681
14	9	1490
13	17	2803
6	19	1749
13	15	2051
14	19	1042
1	2	313
18	2	2057
4	14	102
4	7	733
10	4	1346
9	13	15
5	13	117
18	13	554
2	13	1822
5	11	1292
7	8	587
5	2	1167
12	20	48775
6	19	1287
7	1	1302
9	11	787
10	4	608
9	18	1441
9	8	283
18	11	1330
6	4	49
10	2	1340
9	2	1467
15	17	1250
11	20	6150
5	3	366
9	2	313
18	6	660
19	18	2296
4	5	1714
6	16	1599
1	15	213
2	14	552
19	13	1670
19	1	954
2	19	783
8	18	185614
3	12	693
18	9	1227
20	1	830
11	17	1127
12	17	1048
13	17	990
9	10	2173
2	20	42900
10	3	2186
8	7	839
12	15	2469
5	15	2070
15	1	664
13	9	335
14	4	1906
13	10	153
3	12	1215
19	3	736
17	6	93
18	17	957
17	9	1858
4	14	154
9	12	1495
17	12	1231
9	13	304
9	15	1765
8	1	53
4	20	49824
4	15	1592
6	14	1058
3	16	1503
5	15	29
11	15	993
8	3	1755
17	6	1024
19	12	922
18	19	1216
15	7	1246
13	4	1103
3	18	2214
14	19	826
15	8	1737
9	19	550
15	10	1432
4	14	1563
4	13	2115
18	17	515
16	18	1995
15	12	1035
1	9	1427
18	5	1903
13	18	1234
7	4	585
4	8	834
20	12	124
19	16	1202
3	1	519
2	5	1542
16	19	1560
17	3	2020
5	12	1796
17	14	1909
19	1	595
7	10	1289
4	9	897
6	16	2424
16	15	364
11	5	401
8	2	560
16	13	647
9	14	973
8	3	582
11	2	111
4	16	76722
8	18	749437
7	1	72
20	17	14
2	7	946
11	18	856
2	18	103
7	20	32700
5	20	25225
10	19	977
18	9	2593
2	10	2073
3	16	1738
15	19	547
3	9	2231
14	17	102
19	7	1146
11	9	1296
9	2	607
20	4	951
19	7	712
2	20	1200475
16	1	1015
18	2	339
8	15	945
15	6	2677
10	19	1145
6	2	308
17	7	1090
5	9	482
19	2	932
5	9	1201
1	3	189
20	3	516
20	18	2136
14	19	998
7	6	985
12	7	1389
4	17	554838
17	7	229
16	13	1344
6	7	365
10	5	1007
20	18	1859
9	4	368
17	6	1584
9	10	1879
1	14	444
2	20	8650
16	6	1402
5	17	1024
19	8	93
16	5	2374
8	15	1226
7	19	1237
3	4	468
4	17	1061378
19	6	299
4	14	466
1	18	385
15	17	402
3	12	1989
4	19	1465
10	11	1089
19	16	2593
8	14	633
5	6	2155
14	4	306
3	2	212
20	10	1205
5	2	2177
9	11	956
2	16	799
17	15	139
19	18	598
19	14	487
10	4	1390
14	18	472
8	5	523
5	16	990
2	12	1020
6	4	883
5	16	104
6	7	1348
18	13	406
17	3	1073
18	13	955
17	10	208
3	20	31800
6	10	358
12	7	2478
17	19	743
2	7	509
9	8	2673
14	16	700
8	12	41470
9	7	1719
15	14	194
13	6	120
10	15	2330
17	19	1586
17	16	2544
3	1	831
8	12	36231
1	18	416
16	10	1119
4	8	589
5	17	1164
12	8	698
3	11	1778
10	2	241
13	19	393
10	13	1931
15	9	173
18	6	1550
5	2	985
10	12	739
8	15	1154
3	10	2791
12	4	892
17	14	693
19	12	247
20	1	41
16	7	1907
8	10	1291
12	6	48
14	8	53
18	5	1145
7	17	2185
4	11	62092
9	20	51325
13	17	1971
7	6	939
19	8	673
18	17	1358
10	12	1072
6	13	1045
18	15	1084
8	2	606
12	2	718
10	3	309
7	5	1037
11	12	1023
11	6	652
13	11	743
3	2	144
7	14	1051
19	10	1295
2	7	2500
12	2	1330
2	7	474
11	4	201
3	9	401
17	5	1274
5	17	608
11	4	1227
19	8	2246
17	10	636
12	13	837
3	13	712
7	4	953
4	11	510302
8	16	592
4	11	11742
9	6	763
9	15	952
14	13	1455
12	19	396
2	16	75
7	3	1326
2	18	201
13	4	1615
20	9	274
7	3	423
15	16	965
1	18	145
4	9	884
1	11	1556
3	18	1901
16	2	240
12	8	1599
16	9	269
17	15	1968
9	12	911
2	13	1205
10	11	633
4	16	8930
2	4	874
18	20	29975
3	5	1344
20	9	1115
2	18	2208
12	14	69
9	11	760
8	4	61
6	16	1274
4	16	49970
4	18	702
6	14	1509
10	11	780
14	16	870
6	5	1356
16	10	162
14	17	2212
16	7	110
11	7	798
13	17	1137
6	15	1542
10	9	668
2	6	300
9	12	2281
5	4	475
11	8	1116
2	8	1195
16	5	379
11	8	1529
7	1	173
19	4	1541
7	13	158
18	7	236
9	2	737
9	15	1443
18	4	436
19	12	650
12	4	1197
19	18	506
18	20	18600
3	11	2473
3	12	2066
15	16	1202
17	14	1143
15	14	1608
18	10	2078
4	12	767
20	4	1629
5	19	587
15	18	1009
13	15	1550
18	15	499
17	3	854
2	7	367
19	18	2123
7	16	1733
3	10	951
16	7	834
10	6	790
15	5	1909
4	1	816
5	11	1084
11	9	726
15	18	2308
19	5	249
12	11	420
14	1	466
2	14	182
8	18	399451
20	2	372
4	15	763
17	10	2704
18	13	62
13	15	1177
20	8	511
3	11	629
19	7	623
9	14	356
17	10	2006
17	9	1531
6	4	2234
17	19	1325
10	12	302
20	3	1360
17	13	375
3	11	431
19	3	1605
19	1	659
14	17	290
4	8	2077
2	1	1355
13	10	1212
11	17	2106
5	15	693
1	14	150
9	10	923
11	19	549
16	11	1714
14	17	1311
17	8	923
13	19	2077
5	3	1882
3	13	610
10	14	1980
2	6	333
4	2	594
18	12	810
9	6	211
7	17	2172
15	11	2268
7	6	1280
7	11	518
10	16	383
8	14	313
9	19	267
20	19	1607
4	9	445
8	18	952939
15	3	1726
4	2	911
19	7	416
19	10	309
6	3	1406
18	2	1310
3	13	1106
16	3	1260
7	2	2857
9	11	1007
20	12	1000
9	12	752
18	6	1748
14	7	711
13	1	1704
8	9	994
3	14	1634
17	8	1768
4	7	1898
19	20	23675
14	6	1309
13	4	1745
2	12	975
9	18	2353
9	18	2209
14	9	839
17	6	148
14	19	343
16	13	1695
19	16	462
5	19	1175
13	3	1886
15	7	288
17	3	909
15	12	676
14	6	1591
1	16	1316
11	6	1482
9	17	1148
5	11	1193
10	6	1370
12	18	1424
16	5	1024
8	1	339
13	17	434
4	14	443
12	17	547
16	12	1160
16	7	752
7	17	692
17	14	587
9	10	758
4	14	1120
20	10	2076
11	9	1222
19	1	685
6	19	1033
17	2	1899
12	11	411
8	2	1799
7	3	1410
11	7	597
14	2	151
2	17	679
3	10	1722
16	17	371
16	11	11
9	16	1196
5	17	2470
14	4	1555
2	16	1117
17	8	1055
6	11	650
15	5	532
15	20	21600
7	8	1478
12	4	813
2	14	180
15	16	1071
6	10	783
8	3	491
17	3	73
19	4	2137
6	13	236
16	9	1162
11	17	504
16	18	1342
11	14	427
8	15	22
13	6	1425
5	2	1943
5	12	886
17	12	664
6	15	89
14	3	531
18	7	1240
11	7	1225
15	10	689
16	6	1191
16	18	370
4	19	1801
8	6	851
15	6	642
16	19	566
20	11	645
14	5	1078
11	10	454
19	5	1089
3	7	607
10	11	1144
18	9	1053
13	3	1687
4	14	2546
17	7	1144
10	15	1292
10	7	188
3	10	364
16	3	692
7	8	165
9	18	1628
17	19	2271
8	20	215550
11	6	682
15	12	1841
2	9	110
15	1	540
12	6	183
7	10	1016
17	16	1776
13	2	2400
14	11	1064
15	19	1251
7	16	1741
14	6	1402
12	7	1021
13	5	212
19	20	39700
3	6	652
18	16	72
7	4	1129
13	10	916
9	15	1305
15	8	905
5	15	1494
10	19	626
15	5	663
9	12	1128
7	13	2664
20	6	178
10	9	1783
8	12	621569
4	13	2187
19	17	1698
14	6	984
4	7	1828
2	10	1229
12	13	1903
18	10	12
1	4	10
18	19	2196
13	11	281
17	9	734
16	4	1673
13	3	549
17	12	107
8	10	1020
19	2	1692
13	10	1236
4	18	1072
14	16	1055
18	13	546
19	18	42
16	3	948
19	12	889
4	11	758746
13	1	448
8	18	845
18	4	2363
17	7	722
20	10	2488
13	19	1124
4	9	839
3	17	612
13	15	1565
4	9	382
14	18	641
18	7	1105
14	11	812
10	19	547
2	16	741
7	6	1763
18	3	1072
3	19	8
10	20	11750
10	2	1621
17	15	1006
18	10	524
18	16	351
6	12	1166
2	9	779
12	7	1008
15	9	170
7	9	5
4	6	2153
3	7	477
15	10	1862
20	18	86
17	4	1544
18	11	124
5	11	651
4	9	1604
7	13	561
3	4	392
7	4	2003
5	11	598
5	11	1256
17	18	630
5	3	1799
12	2	1494
9	18	1449
13	4	104
10	12	2947
4	3	707
14	5	77
16	2	154
12	4	1426
1	19	918
4	10	1347
19	17	260
16	17	76
6	17	366
13	10	191
14	12	364
14	19	2305
7	17	415
17	11	1415
14	7	1589
18	2	1936
3	2	229
4	16	44270
16	11	1198
4	14	107
10	8	39
6	9	478
5	2	1958
16	19	1035
19	9	1702
12	15	485
7	1	75
18	12	312
2	16	683
6	7	2526
3	18	2345
14	15	933
7	20	26000
7	8	275
4	20	120288
14	11	1166
17	14	623
12	17	1057
5	7	1531
7	17	2027
12	8	395
11	8	900
16	5	1321
14	5	538
20	17	1175
17	6	757
3	18	655
16	11	1092
13	10	207
10	8	1207
10	3	569
14	17	1603
2	17	1016
1	12	227
5	19	1479
8	9	816
6	7	55
11	13	1203
18	20	42150
12	11	581
4	13	622
6	5	1427
19	16	382
8	20	1894400
14	15	160
18	6	754
7	11	1507
9	8	75
13	18	93
7	2	924
10	14	2841
8	2	284
6	2	518
13	18	1467
9	15	1833
7	17	96
1	16	1523
7	16	2200
6	20	26150
13	19	2296
11	3	1229
6	15	2313
14	6	769
11	10	1352
20	12	1179
20	14	1224
13	15	1213
5	14	1647
2	7	646
2	15	1288
15	13	194
2	20	34100
14	11	275
2	18	396
13	11	1000
3	7	718
10	7	1264
7	15	498
3	10	885
2	18	8
10	1	2085
18	10	998
17	14	663
16	5	188
9	7	143
15	5	418
5	15	328
5	14	60
14	20	43075
4	8	1288
17	12	92
19	13	407
15	4	379
14	9	800
7	14	1111
9	3	437
9	14	688
10	17	1255
10	6	1337
17	5	763
11	18	408
18	12	862
5	2	207
19	14	895
14	17	519
9	12	461
16	12	1436
15	18	276
3	14	2650
10	1	942
8	3	15
7	15	2616
18	3	875
14	15	742
3	19	577
8	6	428
14	8	509
13	6	1251
3	17	908
4	5	366
5	15	564
10	19	1738
2	4	792
15	16	470
3	16	133
8	3	368
13	3	728
12	1	882
3	10	1237
9	19	736
7	2	735
17	13	1352
14	15	348
3	4	1001
2	10	1220
18	17	398
15	12	2230
8	7	693
2	11	634
6	17	931
5	12	39
1	19	518
2	12	1659
10	14	79
4	13	656
5	20	12825
9	17	866
17	2	1787
20	3	440
14	4	2233
15	20	1575
11	16	1513
8	10	1355
9	18	981
7	20	23600
2	3	1640
5	9	1396
9	11	332
12	15	58
16	15	1935
9	8	205
18	17	218
4	12	439
3	10	1101
3	16	1413
4	10	456
6	15	47
20	17	1376
10	6	1547
2	11	70
10	12	343
17	2	1963
4	12	319
13	7	2197
14	16	774
16	18	78
15	6	689
16	15	491
1	2	1697
16	18	53
18	1	1377
18	20	11750
10	2	1492
1	11	1614
13	19	567
2	18	276
9	8	1512
5	7	678
6	12	841
15	13	782
8	16	1001034
10	9	430
6	14	1292
6	9	173
14	11	100
4	12	1554
3	2	1646
13	16	1649
3	2	2780
13	14	50
9	8	2094
19	14	2359
8	15	2341
19	15	440
16	1	1564
16	11	716
9	8	570
11	14	366
9	6	562
4	9	587
15	2	1233
15	9	1154
11	14	170
4	6	2719
18	20	9875
3	7	2705
9	20	1502208
12	15	1439
9	2	851
8	16	578
9	17	1151
8	12	254189
19	9	1551
1	6	15
1	4	1518
11	8	783
14	16	142
3	11	465
15	4	602
7	6	1383
6	11	1177
16	6	1644
14	4	666
14	2	244
16	9	1043
17	6	643
6	9	1427
19	17	449
15	3	527
14	8	1626
10	5	494
11	10	295
2	18	1656
15	7	792
11	6	1865
12	1	722
17	13	497
19	3	1348
16	14	61
20	6	1696
6	16	2104
5	17	248
9	4	125
4	2	1441
15	10	1410
6	14	1644
17	16	68
13	19	1648
11	3	2358
6	14	1840
6	12	879
11	16	824
4	5	1881
15	16	1261
19	10	1196
12	14	916
1	12	2676
11	20	31050
11	6	267
19	3	1813
6	2	1915
2	18	636
5	15	1914
19	11	797
16	18	702
6	7	1034
19	20	175
19	8	2087
17	1	840
20	18	1075
12	2	235
19	13	918
11	8	2145
10	11	942
2	17	2359
7	12	317
14	16	1056
9	6	826
19	5	1516
10	13	429
5	13	467
17	4	1192
9	7	988
17	13	808
13	4	1161
15	20	7600
1	3	1008
8	6	1764
19	7	1487
12	11	870
14	13	2103
15	14	890
6	8	922
20	17	729
2	9	845
15	2	1138
7	4	992
19	2	1826
7	4	1229
5	13	1377
7	18	352
14	1	794
8	10	559
9	19	1239
15	9	1649
2	9	1755
20	7	1289
16	10	1585
9	11	156
18	7	963
11	2	1300
9	19	1280
5	3	1698
15	7	1244
12	13	663
19	20	24850
10	3	705
6	10	999
3	19	1882
8	12	48321
15	20	7400
5	4	1570
17	5	375
10	5	1076
17	2	370
16	10	970
12	5	1747
13	12	781
15	7	1259
13	14	1068
15	9	1107
19	5	581
11	9	5
11	15	398
10	6	1384
12	5	1290
7	10	1367
13	14	97
10	2	2136
7	1	1063
13	17	645
14	6	297
16	13	2832
7	12	1176
6	12	343
6	2	1584
17	4	1849
11	16	2015
19	3	1629
8	18	696254
14	15	1182
13	1	891
20	17	1415
17	10	254
14	12	213
10	9	413
8	16	157
13	4	1469
5	14	1182
10	15	1004
6	9	2984
16	7	552
20	6	860
16	2	94
4	6	744
8	6	387
14	11	210
8	3	499
13	9	690
5	16	1365
7	19	1629
16	6	990
14	10	1778
14	10	1511
16	19	853
16	15	1364
18	4	174
7	13	1571
15	5	2281
5	6	887
18	17	173
19	14	2329
16	6	2100
20	7	105
13	7	630
5	4	1243
10	15	2600
12	3	1441
9	11	1141
17	16	192
2	7	583
6	5	766
14	2	1423
5	19	382
15	3	1078
15	9	1939
12	6	10
18	10	476
20	1	757
6	19	238
5	13	1971
18	17	464
19	7	1153
5	10	1082
16	17	1437
3	18	294
15	19	1181
13	15	139
16	15	706
14	1	813
5	7	770
9	7	629
15	19	198
9	6	431
12	2	1096
2	5	1568
12	17	1082
8	2	1565
9	14	1184
12	20	66975
15	3	1112
18	9	1186
5	18	2213
20	2	530
16	13	309
5	6	1344
3	16	658
17	15	1032
5	9	174
3	15	223
20	18	428
6	8	565
8	12	732290
15	4	334
4	13	1335
9	6	732
12	18	384
9	19	739
15	13	1119
20	8	1643
12	8	19
19	6	1055
19	5	580
3	14	351
5	17	466
3	19	1393
18	6	947
16	12	1056
19	10	223
6	19	971
5	19	462
16	2	512
19	11	1568
16	13	647
15	5	125
6	15	250
12	8	162
15	9	809
20	13	2107
2	7	201
12	18	2289
9	17	1868
7	19	182
15	18	1716
2	14	622
6	17	766
20	19	104
14	8	391
5	18	495
10	12	1335
4	18	2114
12	18	903
19	7	934
10	6	1415
14	17	128
7	1	1334
5	12	1483
12	18	95
16	7	190
8	7	635
4	5	507
5	16	1413
19	10	1169
1	15	43
9	10	503
12	20	475
10	15	954
6	11	1028
11	9	391
4	17	39064
5	4	1320
17	3	552
7	19	1784
17	16	1113
8	19	674
7	18	378
19	13	30
15	12	1341
14	7	1342
10	2	91
9	3	797
19	2	649
3	19	881
5	9	221
6	1	1776
5	10	697
5	4	613
16	17	1397
17	3	831
4	3	950
2	4	894
16	10	54
18	5	884
15	14	761
10	12	478
5	18	245
19	10	984
8	4	1457
15	8	1336
20	13	1260
11	10	1939
19	15	85
7	10	2430
7	8	1637
2	11	420
20	15	2636
18	19	1356
7	15	731
19	8	246
15	11	1300
20	8	1848
4	3	1080
11	9	1128
19	16	583
5	12	1786
10	1	734
8	17	2093
2	1	1172
19	11	659
10	5	663
18	12	711
13	6	1329
17	8	945
19	11	800
6	12	361
3	18	2532
12	15	919
6	11	2436
3	20	2349900
15	8	1106
10	8	949
5	13	1879
20	15	2751
6	12	1033
9	12	708
19	13	174
3	20	25750
6	4	1081
7	13	860
6	17	1078
10	13	1059
9	3	698
13	8	804
16	7	868
1	17	106
3	17	754
3	10	204
6	8	218
18	19	653
3	18	643
11	12	768
6	1	475
20	3	1265
9	3	1145
6	15	387
4	11	27436
2	20	16775
7	11	1559
2	19	38
16	8	1435
14	2	1402
1	19	584
3	10	1351
8	14	1173
9	2	1427
19	7	763
8	12	794625
9	8	1536
9	19	1332
18	19	582
5	10	970
15	8	2049
13	19	1375
13	18	933
17	2	884
13	15	1457
1	12	651
5	11	1251
14	11	479
15	19	112
15	12	568
5	12	525
15	3	1538
19	11	1104
16	7	447
4	18	2339
12	8	70
6	7	2067
5	4	1069
12	2	981
12	9	36
12	10	201
10	14	1844
10	7	132
15	7	895
18	17	2118
6	14	232
4	14	714
19	17	954
9	7	775
13	18	1845
17	13	269
10	13	1413
16	19	1732
9	2	896
5	9	807
5	6	1112
8	12	210730
18	12	2484
13	17	616
15	3	1323
4	6	414
16	6	535
5	19	1593
12	11	59
4	15	1747
2	9	2540
3	20	25950
11	4	255
16	10	2275
7	17	1545
9	17	60
2	7	1071
15	10	815
5	7	1272
18	11	1230
9	3	1156
14	2	668
6	18	652
11	4	491
8	15	395
16	8	1275
19	14	488
3	10	1252
5	3	549
4	9	2062
3	4	874
8	16	287
5	4	1101
8	12	25116
7	6	2114
16	18	589
20	1	1057
9	8	1176
14	19	787
18	5	886
5	12	1208
3	17	72
8	6	97
14	3	900
14	9	2366
7	2	805
6	16	168
14	7	689
4	16	460218
20	15	14
14	8	1238
18	20	16650
10	8	2072
3	9	443
4	10	258
10	7	148
13	11	1551
9	19	2196
7	6	1762
16	11	164
3	1	723
15	3	889
2	10	14
13	16	832
11	13	17
8	18	38467
6	19	782
17	10	1385
12	20	51325
13	8	947
6	4	418
9	10	1357
1	9	628
18	13	1158
6	10	833
4	11	2590232
20	10	1172
6	14	742
7	19	1583
11	10	1436
18	8	1655
16	4	472
5	13	554
4	14	979
11	7	2437
7	11	1133
2	11	129
5	17	45
12	18	1398
19	12	1650
7	8	1736
16	13	946
18	19	1197
17	6	669
8	7	514
16	8	417
7	20	11150
5	17	2209
20	9	492
18	13	302
9	5	2392
16	7	2246
18	1	880
14	7	374
9	15	868
7	11	855
12	6	1028
15	13	1433
6	11	275
10	2	1633
13	10	947
6	16	1061
2	9	1846
8	16	703
11	3	1040
8	9	1096
14	6	485
14	15	2521
17	20	17025
15	6	264
12	2	2672
2	16	673
10	7	610
16	19	927
16	10	1059
16	4	1476
5	2	887
2	6	1720
10	1	543
13	9	1309
9	17	1964
12	2	1480
5	8	684
9	20	11800
19	10	670
4	11	50312
15	2	1168
2	15	1392
8	20	714575
9	17	968
9	3	682
3	18	231
14	18	2708
4	17	22420
3	13	26
9	13	141
9	20	33775
8	16	1620016
7	8	362
9	4	1034
2	8	2701
5	11	1784
3	6	1052
6	20	34050
8	11	233
3	15	1111
14	6	2881
11	7	751
1	13	273
14	16	548
6	11	781
7	2	1407
7	14	2166
9	19	824
11	16	1705
4	10	1619
19	4	954
13	2	348
7	1	1208
6	10	1761
5	11	400
3	7	1131
14	2	168
7	8	87
11	12	573
4	5	29
12	20	2775
17	12	1325
7	12	650
7	17	1385
2	12	1732
17	13	622
10	15	842
17	6	425
4	15	360
7	17	1791
17	7	3
3	10	319
18	6	1083
13	9	2105
14	9	122
8	16	1441
12	4	394
17	10	1210
17	18	1171
16	18	1038
17	2	649
16	13	869
13	15	1183
16	11	515
16	18	1227
1	17	738
3	11	364
15	4	965
5	12	360
10	13	1079
17	16	1632
18	17	423
20	9	16
16	8	894
12	10	816
12	16	599
16	6	1752
19	4	2318
18	11	256
4	8	1476
7	9	652
14	11	323
6	17	1789
17	6	295
15	11	1631
9	11	591
11	2	672
13	19	796
18	19	326
7	12	1256
5	14	962
17	12	883
10	15	1368
15	8	1216
6	18	547
13	2	793
4	19	2140
2	9	264
1	18	1720
13	10	362
10	9	2112
11	16	2643
3	7	62
20	10	1105
2	5	2215
14	7	725
12	8	937
2	11	1433
13	17	66
7	16	1733
11	5	897
16	8	2143
7	11	1900
10	13	487
19	17	1849
17	15	524
15	7	336
10	2	719
18	2	600
16	9	489
13	7	1037
19	18	440
19	16	733
7	12	1361
13	5	1576
18	15	194
15	11	1150
5	8	1072
10	9	1119
11	14	2457
2	1	354
14	1	431
3	16	815
3	17	321
16	6	2101
6	1	1705
4	20	146688
18	2	855
8	12	11492
3	19	1472
10	13	1769
2	8	1274
7	17	922
17	3	1557
14	8	341
14	19	1085
3	18	638
1	19	307
9	8	1125
10	15	417
4	5	1214
18	9	161
10	6	998
19	15	1205
8	9	1181
10	19	1027
8	18	170521
2	17	1467
6	16	364
4	20	53088
1	7	500
10	5	1819
11	12	192
5	7	138
1	19	1342
12	3	684
13	3	1044
15	11	2135
1	3	354
17	6	1096
7	12	35
6	5	1193
6	12	464
12	9	2225
8	14	1190
19	12	1239
10	2	1363
15	11	580
11	14	530
1	10	465
15	6	1273
4	8	1163
13	6	1012
5	7	1724
3	7	2504
3	16	425
6	8	1238
15	13	605
7	13	2084
6	10	459
2	19	876
3	10	369
15	1	850
10	16	793
6	16	797
18	8	122
3	8	1052
9	16	669
7	14	2790
16	7	2817
18	14	1812
3	6	2
4	14	984
2	14	1511
12	11	2319
7	6	529
5	4	586
7	14	936
18	8	163
3	18	250
19	11	2000
16	3	796
13	7	463
5	8	237
11	16	637
14	10	913
17	2	194
6	8	2280
15	2	364
4	7	1729
2	12	1359
10	3	1283
17	16	1236
2	9	1854
2	17	830
16	15	1085
19	5	618
18	16	499
18	16	1824
8	4	364
10	5	692
5	14	463
20	10	2
3	10	327
15	14	844
8	6	164
18	9	725
2	7	345
9	20	41425
14	10	1759
19	10	103
1	20	38275
4	6	1195
7	14	225
4	3	949
7	4	144
1	9	1791
19	12	81
19	5	1055
13	8	89
7	8	332
8	14	761
19	5	1388
13	14	357
15	12	757
5	20	7300
3	9	142
18	3	887
5	3	490
13	19	188
4	19	366
19	13	45
1	17	34
17	3	1745
5	6	2426
15	16	60
20	9	727
20	3	554
9	17	359
2	16	16
9	3	947
16	18	1396
18	6	332
2	11	1943
12	20	50500
9	6	1734
13	15	294
7	8	40
19	6	1056
17	6	679
5	13	2057
17	2	64
6	5	1439
9	5	972
17	8	135
18	12	2301
11	18	1129
18	3	682
5	16	432
13	15	954
11	1	822
2	6	1445
1	12	1599
16	13	1729
16	6	1309
14	15	55
3	1	902
19	7	486
11	6	1603
6	3	971
13	7	1499
10	17	1010
13	10	1941
16	2	1289
7	14	4
9	12	1768
9	10	548
3	2	2063
5	11	162
2	18	360
12	11	777
4	9	451
3	11	2531
3	9	359
13	9	116
2	19	394
4	14	2096
19	8	705
16	13	760
7	14	230
11	16	695
7	6	464
1	3	54
11	12	1474
11	7	1636
14	2	1477
1	11	1263
2	6	325
19	13	1888
20	4	1547
17	7	1367
6	9	333
3	16	310
12	7	1070
20	9	946
6	14	1767
20	4	196
12	15	1741
9	20	23025
5	20	43425
11	20	14025
2	20	25200
6	3	1068
16	5	179
17	12	1039
14	16	1356
16	13	749
12	5	390
7	16	183
4	9	1240
2	5	987
7	19	708
10	3	1328
12	14	2547
15	8	326
20	14	2435
10	1	1816
12	5	919
12	9	852
10	17	1385
18	7	420
4	20	457248
9	13	1533
11	14	1029
7	6	2066
9	12	2009
3	17	587
2	13	1179
5	20	46225
4	13	1180
6	4	274
4	19	768
19	13	1111
17	19	83
5	19	1344
8	20	4459440
16	14	2141
9	8	903
10	3	1383
11	7	2349
4	12	321
3	7	890
16	17	731
14	16	513
10	13	2277
10	18	482
3	14	715
17	5	718
12	2	809
14	19	140
4	3	417
15	6	263
4	19	1522
1	13	755
10	3	1087
16	10	1344
3	17	933
2	8	1193
1	9	95
17	11	1412
4	16	464702
12	9	143
4	9	1442
14	18	1130
17	4	600
6	7	332
15	10	526
14	12	1920
15	1	513
9	17	1706
18	9	1720
17	3	1071
4	17	1155770
16	13	1535
17	7	210
16	8	1260
12	7	639
17	6	1371
15	6	1619
1	14	821
17	1	314
7	9	241
10	14	2247
10	15	94
10	3	25
17	6	1324
17	14	1060
7	2	1292
6	14	22
17	3	111
10	3	413
2	20	5825
8	11	1907
19	4	442
17	2	884
6	10	2152
12	18	595
19	13	1054
8	12	9503
4	12	164
19	9	151
6	12	991
8	4	811
14	5	2399
4	16	512772
3	2	801
17	5	1141
17	18	747
6	14	2053
2	7	1072
8	2	2101
6	14	323
6	2	552
9	7	2449
15	14	497
5	17	637
15	7	439
5	15	155
17	12	645
7	14	1606
18	14	1906
5	19	2050
11	20	63825
9	2	598
20	13	1657
5	20	60175
2	17	1199
10	15	1539
18	16	2475
4	17	321670
6	10	450
8	10	775
4	11	1316320
18	15	678
6	13	1184
19	4	887
18	11	892
9	8	1949
20	14	615
2	7	2765
8	16	14
19	3	2187
12	19	539
7	18	1009
12	10	334
12	4	1174
6	9	1590
11	9	1556
11	8	2014
13	9	925
12	13	1859
7	12	568
17	16	1140
7	13	2833
19	15	345
5	13	575
14	16	371
5	17	570
15	8	425
14	7	1158
17	12	1728
7	14	94
18	8	1040
15	9	431
16	3	1844
7	8	596
6	17	458
2	18	2229
18	17	952
10	7	1319
20	3	777
5	16	420
12	11	120
20	2	250
17	19	2316
6	2	406
10	6	1358
17	18	1106
13	7	1131
18	17	1281
17	15	1599
3	10	1608
9	14	781
3	7	987
4	2	852
7	9	505
11	12	2370
4	13	1003
7	4	2645
4	5	826
18	19	294
12	4	16
17	14	667
19	7	385
10	9	1207
4	19	317
14	9	338
13	17	1036
14	5	1627
13	6	1060
16	3	2403
3	19	2439
6	8	1171
12	10	1786
18	6	2228
9	10	1247
8	12	121290
2	5	2263
17	19	1474
3	10	943
1	12	1490
16	3	761
16	15	1862
7	13	938
13	12	648
18	4	1318
18	4	1015
15	11	83
12	15	1834
19	13	80
14	9	959
18	2	944
11	4	640
2	7	2320
19	17	1028
12	19	1177
14	2	1720
17	19	977
3	9	1143
18	9	2440
3	16	666
13	12	99
18	5	49
3	10	804
12	9	770
20	3	437
5	18	682
17	5	529
19	6	854
14	19	1091
1	12	153
18	19	607
9	11	1305
3	18	264
7	11	1295
19	1	935
14	4	904
6	17	2277
4	10	774
19	15	861
3	19	1443
12	10	623
4	13	1960
17	4	1438
14	18	101
13	10	806
17	19	1711
12	5	2287
14	18	356
11	2	1048
3	7	444
5	14	471
18	1	1181
16	6	807
12	8	389
16	12	1047
6	19	408
11	4	714
16	20	15150
6	13	430
6	12	1343
14	9	685
9	5	386
14	2	1766
20	7	1115
19	16	1614
9	10	1142
19	8	10
9	17	656
12	11	2122
7	18	11
5	19	762
17	15	511
15	18	2141
4	7	374
5	12	1200
5	7	140
4	3	1739
10	13	487
16	17	1097
13	17	919
17	4	748
9	6	1579
6	5	1447
3	16	426
5	18	3
3	10	956
11	14	12
9	13	681
16	2	1212
13	7	492
20	10	753
9	4	583
9	16	510
19	12	467
13	9	1418
8	16	1470
13	12	629
5	10	2120
1	20	2737825
2	5	765
19	20	37375
14	16	1440
12	8	1673
9	20	9550
4	5	248
20	7	1140
4	19	653
8	5	964
6	12	1621
4	14	737
7	9	250
11	5	905
13	14	1853
3	6	470
2	13	149
17	3	1485
13	15	2275
1	3	535
19	4	786
12	1	1975
17	5	681
18	9	2263
4	10	1451
3	2	126
15	12	673
16	5	155
15	5	820
4	12	351
10	14	1152
19	6	1865
11	4	604
13	10	1299
18	2	2391
11	6	906
5	4	1531
6	3	791
7	12	1112
16	15	496
3	4	1837
20	19	93
7	4	967
9	11	1269
1	13	420
3	1	839
2	13	2
13	18	828
10	6	2063
2	20	48275
6	14	1592
4	10	109
14	18	734
15	17	1513
13	18	1073
5	7	901
6	1	1118
19	8	675
13	17	910
6	17	1487
12	8	729
14	4	728
7	3	465
8	17	1659916
1	8	1136
2	17	1233
6	4	1683
18	15	1634
14	8	1456
9	2	1270
17	11	971
7	16	629
2	17	1779
13	7	1744
3	7	2331
2	20	20200
8	20	1953075
1	3	995
10	4	787
16	17	143
14	15	2309
6	16	1081
7	12	1041
5	17	76
8	19	1643
16	8	372
16	8	214
10	19	187
14	12	748
11	20	38125
18	5	1071
19	15	2245
17	15	654
18	10	637
6	19	258
13	6	692
8	2	522
9	14	671
18	11	1846
9	5	318
14	7	822
20	15	2235
5	12	370
9	5	1425
11	5	253
9	2	13
4	19	845
15	11	517
13	19	876
1	4	856
8	20	710950
11	16	1150
18	11	51
4	12	638
11	18	208
5	4	7
2	16	2258
9	14	575
3	10	1065
18	13	4
10	12	2025
5	10	117
13	17	2262
8	14	78
17	1	1351
7	18	1242
15	11	1153
19	8	175
8	15	586
4	8	317
12	9	247
18	3	1180
19	18	525
10	4	847
9	15	1406
12	16	1597
13	7	968
7	13	442
17	11	1418
9	8	54
2	19	1530
9	19	1464
15	2	11
19	11	275
11	20	16975
8	15	1145
11	13	1927
13	12	282
17	8	772
9	11	930
10	17	76
17	5	95
15	11	1039
18	2	958
14	11	30
16	13	1084
5	18	1986
13	16	54
2	3	2090
5	9	425
16	17	1599
5	10	1491
3	20	28050
2	16	686
6	8	684
14	10	971
7	10	1730
10	2	71
17	14	1279
15	6	2210
19	10	377
9	16	804
20	2	1410
10	12	859
2	6	36
9	16	913
18	2	716
15	7	328
4	7	1447
10	19	548
7	18	1275
14	18	1791
15	12	524
5	9	30
2	19	1708
20	17	1361
5	20	16350
1	11	1039
10	2	496
18	6	1801
19	14	1219
5	1	312
14	3	1554
13	12	66
12	6	1052
3	18	856
19	18	1441
6	2	151
18	2	2165
8	9	772
10	13	618
11	18	2235
12	10	1578
20	6	300
15	3	1041
13	6	132
2	13	685
12	13	1789
13	5	1278
6	9	850
8	18	28067
1	12	1232
15	7	531
17	16	532
17	13	1435
13	2	1448
13	2	799
9	8	203
19	17	188
3	4	237
4	16	125856
9	1	849
17	7	898
6	15	947
2	1	422
16	4	606
9	18	327
12	7	229
6	14	522
9	14	219
7	19	2085
10	13	1566
16	11	2024
14	11	2479
9	2	2394
19	2	692
16	7	1752
16	13	1439
5	4	1841
12	1	760
17	13	1231
8	18	391404
19	13	1444
12	20	42250
3	2	971
11	12	191
4	15	619
13	18	1364
6	4	901
15	19	1438
5	9	235
14	15	310
6	18	604
14	10	500
16	20	18700
16	12	955
5	18	672
7	11	1742
5	17	162
2	5	1617
7	11	1730
12	1	977
19	9	1165
10	15	1372
3	1	455
11	17	785
19	15	1084
6	2	1545
1	2	79
14	10	1117
7	2	1222
9	3	1426
13	12	983
16	5	2165
9	16	448
3	11	660
13	16	147
12	17	426
7	3	372
10	8	1954
5	13	1237
4	3	546
9	17	1491
3	12	1288755
19	4	330
18	16	1870
12	19	341
3	4	964
18	8	1736
7	10	2680
9	14	990
13	17	1950
15	10	213
6	3	118
6	16	471
5	8	479
19	3	47
13	10	898
17	14	824
2	14	2848
3	9	2167
14	15	1229
17	9	2034
13	1	1601
14	6	1632
10	6	1842
4	6	402
3	18	243
3	19	1077
18	6	76
4	10	342
17	3	1120
18	5	410
17	7	1337
2	5	389
4	7	470
7	16	1487
5	7	2423
8	19	2059
19	11	502
11	13	542
1	7	569
14	1	2030
12	6	1284
14	7	1479
11	13	336
16	4	1298
18	15	1069
1	2	1503
3	17	353
9	7	805
3	14	1746
3	16	1036
17	11	1577
2	18	1585
15	13	48
17	10	1250
17	6	489
15	4	1851
14	13	836
14	3	611
20	13	1092
10	7	1005
2	4	1309
1	16	1659
10	14	36
6	19	241
15	16	686
6	4	959
17	19	1713
5	12	728
13	17	1211
18	1	1923
14	7	1412
5	10	1518
18	5	694
3	5	2658
1	8	910
4	3	2808
4	5	655
12	5	362
12	14	1859
17	2	1638
8	7	536
5	11	383
5	18	1262
19	9	20
12	17	2102
16	2	148
7	9	1964
14	5	1853
14	4	1096
5	1	810
15	18	778
7	18	966
11	14	252
15	9	524
11	13	160
10	9	769
17	16	1320
2	14	1556
14	3	1277
7	8	166
12	9	551
3	10	1170
7	16	642
11	5	1199
7	9	732
4	2	732
13	5	962
20	8	826
1	4	400
18	4	568
1	20	46400
1	14	1004
3	11	1892
7	17	1173
3	5	1347
4	19	1821
14	6	928
9	13	666
18	10	1433
19	12	48
18	15	665
12	20	26150
5	19	103
18	19	982
16	15	1417
7	18	1022
11	8	1017
4	16	642010
14	19	1751
8	4	1844
2	19	1529
12	8	2897
15	19	163
20	11	647
2	10	1584
13	5	267
20	18	359
13	4	1501
4	14	1130
4	11	82840
17	14	1674
10	19	1227
9	2	482
18	2	865
20	6	612
14	6	852
9	12	1135
14	15	2268
7	6	243
12	1	558
4	17	326838
4	12	700
20	20	18375
8	14	199
14	10	1234
16	11	2002
12	8	999
4	19	1267
8	2	1329
10	13	1119
16	2	1583
18	4	551
5	19	135
4	13	1129
3	7	581
17	10	151
8	16	1105
3	9	2269
1	15	2219
3	11	1169
2	3	1495
2	9	1641
18	2	475
16	3	456
18	8	1189
18	7	216
13	9	807
7	12	830
18	20	32225
2	14	316
19	17	309
7	5	405
2	8	2625
12	10	1705
19	5	414
17	16	2084
4	8	804
4	20	845664
9	18	2194
17	19	304
3	7	1801
11	17	88
14	7	2168
18	7	1100
2	4	589
13	3	980
17	2	957
16	14	1022
9	2	1601
3	5	1412
16	12	1985
12	13	2154
20	14	1316
1	7	1030
3	4	758
16	5	353
12	15	388
9	4	379
12	15	218
7	13	896
2	20	29825
5	17	1057
13	9	15
6	4	273
7	5	1029
2	20	2291625
6	9	2364
16	1	33
16	15	1264
10	18	678
18	7	572
9	3	1068
12	13	27
10	18	1263
7	18	104
11	14	2113
19	17	325
5	3	1921
6	4	592
19	2	2231
14	17	644
6	17	449
18	8	1475
14	6	2260
17	10	1994
19	17	1225
2	14	116
10	12	830
9	17	1240
6	3	113
17	11	824
2	4	890
17	13	1992
8	4	619
5	10	478
18	16	1034
12	14	217
10	12	642
7	5	1673
2	10	1281
20	6	359
1	11	336
17	12	1299
17	11	162
10	12	1078
20	13	152
19	11	815
12	5	972
7	15	2472
17	16	868
3	7	166
10	3	312
17	16	2065
10	2	1167
9	4	487
17	15	1523
19	13	347
3	2	739
13	16	268
17	7	404
10	13	2338
13	3	1264
19	9	2333
14	8	1868
16	8	621
11	2	170
5	8	726
18	1	149
17	4	341
18	13	1579
7	14	1053
6	4	175
6	8	837
4	3	1654
8	18	417560
16	15	1271
11	5	122
8	18	490997
6	17	464
8	16	650
11	9	607
17	10	478
7	9	417
6	10	1251
15	11	2687
1	4	997
19	17	64
7	8	854
3	8	183
16	19	919
4	17	70528
16	20	14075
10	1	1463
5	8	2159
2	13	545
12	19	2015
12	3	522
18	6	1197
18	5	837
15	17	1712
2	7	316
6	13	2954
4	3	123
17	2	1357
13	16	785
14	6	1334
7	2	1582
19	11	1048
12	3	761
3	13	454
14	2	387
5	16	15
7	18	48
6	13	2447
14	15	462
20	19	506
8	20	467925
16	18	27
7	6	1795
6	19	495
7	5	1193
11	13	434
4	13	204
9	2	32
9	5	1815
10	5	683
1	10	1074
5	10	401
14	10	1413
3	16	1428
14	11	838
13	19	2558
10	4	487
5	18	230
16	1	295
16	14	1683
16	1	225
11	15	207
18	14	1261
8	18	645346
18	6	1886
11	5	1254
1	8	2542
8	18	317031
20	12	326
7	4	432
1	13	84
9	4	2210
11	8	614
14	16	522
17	7	1207
9	15	1323
2	3	1635
18	9	1137
4	11	102790
8	1	2380
4	2	248
5	9	236
17	6	329
17	2	533
19	14	248
16	9	1747
11	5	85
3	11	89
20	14	1671
6	5	2230
11	18	287
16	2	2174
19	6	1535
12	4	563
17	5	1187
13	15	1447
9	12	1423
20	4	2389
16	12	1794
11	19	908
14	12	1014
9	6	510
2	11	579
12	6	2379
3	4	1045
4	12	1234
1	16	1546
16	19	983
10	2	510
19	18	2258
11	13	481
11	19	548
18	19	258
6	16	335
8	14	499
18	3	163
2	15	766
19	4	898
15	5	759
7	3	1531
12	11	978
6	12	558
15	2	1958
5	4	1125
11	8	74
19	18	1204
20	1	574
8	3	1868
4	16	48184
2	10	1215
19	7	783
13	2	1329
9	16	416
1	12	556
14	17	388
12	18	2503
15	17	684
13	18	1674
9	19	716
4	13	461
6	5	1566
12	18	1758
5	7	1275
9	20	31250
16	14	964
14	13	546
11	10	487
19	11	984
15	19	1684
2	12	279
20	8	1818
14	20	54150
17	5	635
13	4	2481
11	6	943
6	5	2099
13	2	1251
1	10	648
5	19	2344
5	9	469
5	15	720
15	9	1059
1	7	317
18	17	1979
7	6	2182
10	20	35400
8	12	41821
6	20	1850
6	14	254
4	16	644290
11	18	126
11	16	2451
18	4	365
4	7	1964
10	1	551
8	10	1690
7	13	653
5	8	675
18	16	1535
15	12	770
14	3	472
14	3	1793
5	8	410
1	2	849
13	11	320
9	19	1553
19	7	1387
4	11	292448
5	8	2153
10	11	17
18	15	414
4	16	411692
18	8	399
5	12	152
3	9	226
11	1	449
10	2	1981
5	17	1028
5	18	531
12	11	85
14	3	868
18	17	2498
14	1	2528
7	20	39575
4	5	670
19	5	1907
13	15	1983
11	9	401
11	6	2642
2	8	450
3	18	1016
19	12	986
13	16	272
3	4	750
1	2	256
12	10	1304
15	16	1302
19	11	655
3	19	55
8	13	1955
8	9	1798
18	4	1065
7	2	347
1	5	822
16	3	1044
19	16	933
17	5	213
4	5	229
9	16	524
6	15	1833
8	12	429455
3	18	2234
12	13	2128
5	15	867
12	17	906
9	1	899
5	8	456
13	4	700
10	6	1423
3	13	312
14	5	1221
10	6	758
19	4	1104
3	19	500
4	20	92448
19	5	1389
13	2	834
11	18	1110
19	10	389
17	12	621
8	13	914
5	3	1056
7	3	2369
8	9	223
6	8	1731
2	6	622
17	6	739
4	7	1188
4	19	1288
3	16	979
19	10	662
6	14	2424
16	11	1270
16	2	1789
4	5	1417
16	8	1326
19	10	1165
6	3	336
3	16	1157
15	8	472
5	11	290
8	20	64925
12	19	140
3	6	433
8	5	1147
7	17	88
15	16	494
15	10	425
11	16	1796
13	2	1402
6	2	1146
10	6	1396
8	2	494
11	13	591
6	17	1750
11	16	348
18	15	2206
19	5	1810
8	9	2207
16	6	1055
17	4	607
10	16	1343
14	15	37
3	10	385
7	13	1688
9	10	1106
13	3	1943
12	10	1227
16	6	580
19	13	945
17	11	177
3	18	1204
4	15	1992
7	16	150
4	3	229
12	20	4075
14	8	380
8	10	1340
16	6	714
13	12	683
16	3	533
7	6	720
18	12	745
7	17	1119
13	2	174
14	19	548
2	3	1312
1	9	1471
20	5	65
11	19	1348
14	11	1403
10	17	229
13	8	1149
13	9	299
5	10	876
3	8	294
3	16	1156
15	7	81
15	11	918
14	8	1460
19	6	252
7	14	1567
11	17	598
6	8	471
10	15	1539
19	3	935
11	9	889
1	6	1111
19	2	696
8	18	333632
14	16	2309
9	11	1828
15	19	299
15	16	1262
19	8	454
17	6	1490
9	3	1091
16	3	1255
19	17	1319
4	17	81662
2	9	1811
15	6	397
19	16	815
13	15	893
18	15	197
16	2	2310
1	12	1145
11	7	1467
6	15	755
8	17	2019
18	14	1542
12	3	232
11	18	252
17	15	1295
14	17	239
11	3	1141
9	14	1829
12	18	1253
17	20	40550
5	18	660
14	13	2027
10	7	1392
10	5	2057
3	2	703
5	9	1657
20	7	1966
19	9	1436
14	4	1482
19	18	1710
5	12	1351
10	17	27
13	2	1833
6	13	749
4	15	370
14	15	611
9	12	598
4	13	770
17	16	657
4	6	1704
6	16	1440
13	11	2023
15	4	899
2	16	877
12	4	1190
20	2	1042
8	14	991
7	10	1145
17	16	1520
7	12	591
17	19	293
8	5	594
14	12	1469
1	4	1330
19	9	1138
13	9	492
14	19	795
14	4	943
14	1	882
14	3	1016
13	19	123
20	5	1101
12	9	1299
10	5	2550
16	12	688
13	14	1153
12	2	154
14	7	1134
9	20	14025
2	18	780
6	10	752
8	10	698
13	12	752
11	17	1842
14	19	2444
11	18	118
14	20	67800
11	6	123
13	8	470
4	6	1829
7	14	2251
4	19	1223
7	12	290
14	11	174
16	10	2065
13	5	1426
16	5	853
10	20	14150
8	6	627
8	14	820
14	17	724
12	16	577
17	16	679
1	14	1561
10	2	474
4	6	162
10	14	1333
12	17	8
7	5	1361
10	15	2277
17	2	1268
9	15	11
5	2	1325
5	14	87
17	20	12000
6	18	147
12	6	458
13	5	1172
13	9	1146
3	19	1185
14	9	87
9	12	322
17	12	2426
13	17	2133
17	4	966
11	10	877
13	19	474
2	6	941
18	12	1041
14	2	415
12	2	88
15	2	887
17	6	1212
18	14	731
19	11	1352
12	18	1471
12	7	1339
7	14	149
15	1	882
19	13	176
17	15	2163
20	8	436
12	6	1180
2	17	572
5	15	920
13	11	707
7	19	249
13	1	1153
16	13	2160
5	3	1373
8	7	1186
3	13	1070
15	18	2664
5	17	996
9	10	2088
17	3	549
20	16	103
15	18	895
16	9	1328
10	19	1071
5	19	2589
2	3	113
7	4	126
16	9	1108
11	18	1210
13	7	1194
12	17	1092
19	16	589
3	20	8625
6	17	391
19	11	1825
14	11	1470
20	9	1243
19	13	638
12	14	1455
7	16	931
15	7	636
6	16	974
11	3	734
17	12	1522
9	12	8
15	12	2628
11	19	61
16	7	1141
1	17	710
13	7	284
17	7	210
7	18	1426
3	6	1296
18	10	814
17	7	546
15	16	1633
9	19	359
13	8	380
4	16	10108
7	14	429
19	18	639
11	1	1726
6	11	1394
1	12	11
12	13	1645
12	2	1541
15	2	1917
20	7	2566
2	10	969
18	3	805
6	20	20725
14	9	1515
17	13	1891
15	3	188
13	9	755
6	7	627
19	9	779
15	5	2
15	6	67
6	2	978
5	14	1191
19	14	782
1	17	1859
11	13	439
7	17	1045
15	18	300
20	18	1264
20	10	133
6	2	1124
19	20	16350
2	6	500
18	8	546
19	13	898
4	20	5404767
14	4	383
6	8	1355
4	11	2096726
20	1	1388
14	10	1548
13	11	1035
16	15	885
6	15	806
20	9	1461
6	8	2209
9	10	60
8	2	1401
6	20	20575
15	3	1226
19	20	10900
12	8	953
8	1	201
8	18	711438
13	5	1279
13	2	252
18	14	543
3	16	263
15	8	1082
18	14	414
5	15	745
15	9	927
5	14	1478
15	12	1300
9	3	618
10	11	1063
7	10	33
6	14	1394
16	11	245
16	19	1969
16	9	1544
3	13	261
14	4	593
10	6	1184
20	7	33
19	18	1829
17	16	119
7	20	20750
8	12	151294
15	14	1659
11	15	1832
19	10	1702
5	10	672
1	3	1697
13	17	2789
10	18	886
12	14	161
18	8	1852
14	17	623
12	15	464
18	1	51
16	6	957
7	18	335
5	13	863
15	14	2103
11	4	1237
4	14	1773
4	12	1739
16	4	917
7	6	300
16	3	1360
8	14	752
5	8	631
8	7	596
3	6	1030
7	14	1541
7	2	100
19	13	123
13	6	181
4	12	1128
7	5	90
9	17	1370
14	5	696
17	16	45
18	8	617
6	18	239
20	18	441
18	19	1747
15	9	1345
19	5	942
11	3	270
7	17	1274
18	19	273
3	6	1769
2	3	792
15	4	2130
1	8	1443
8	7	977
10	5	365
9	7	61
13	3	1985
1	3	1672
11	8	932
19	16	1499
15	10	109
9	8	1447
18	6	1996
2	5	100
19	8	1225
8	9	373
5	10	474
12	13	392
17	9	1003
20	14	493
12	19	1468
11	7	1436
18	15	908
14	12	1507
16	5	1184
4	18	1116
15	10	28
19	12	337
6	9	472
2	20	40800
20	10	708
15	17	602
3	12	2603
2	1	1096
6	5	242
9	12	169
15	8	1698
9	11	1720
20	15	796
14	15	1193
19	4	1205
5	15	2191
19	8	612
14	15	1568
12	16	692
13	2	1491
6	2	1876
14	9	2305
10	14	31
8	15	11
17	20	8175
12	11	228
7	9	16
5	16	2027
4	5	1125
16	3	223
9	18	1065
8	18	6552
19	12	439
6	1	882
11	2	676
7	15	526
18	9	43
10	7	1395
3	14	1280
9	19	867
16	20	23150
3	10	318
4	3	844
13	9	1561
12	19	109
15	19	2490
3	11	890
7	11	2580
11	6	459
4	6	926
3	7	1817
17	9	2284
9	15	292
12	4	461
5	18	1603
5	10	1616
6	19	627
18	1	1606
16	1	794
17	2	847
8	15	1487
14	9	138
15	7	1319
3	6	1285
12	4	525
11	10	1206
18	2	869
10	12	504
12	11	2216
2	16	1064
4	8	2557
5	18	806
5	15	271
13	11	11
4	14	60
16	20	9150
8	5	617
3	6	421
9	8	1505
13	15	565
15	2	137
16	7	379
10	3	216
18	16	365
13	19	457
16	8	1757
16	6	832
5	17	1768
6	10	997
18	14	1919
16	14	1233
19	4	1436
16	14	1056
4	15	1002
7	17	258
7	12	773
13	9	1883
8	3	1916
9	7	503
3	14	3
7	17	670
6	19	660
14	8	709
12	2	400
8	11	1616
11	3	761
6	16	1168
18	11	1866
19	5	1274
14	17	1572
17	18	1783
17	10	628
2	10	1467
16	20	12775
7	6	32
9	16	311
18	19	1812
3	15	580
19	7	190
6	17	721
4	16	1281702
16	14	1183
13	17	961
8	9	1001
9	7	288
10	2	732
17	15	157
13	14	440
3	9	1456
12	1	278
9	8	304
7	12	2303
16	4	780
15	8	1240
3	10	1359
17	11	209
6	17	1770
1	10	77
16	18	2287
11	5	1357
11	10	943
8	12	361452
5	10	2415
9	8	51
14	7	275
3	19	144
17	15	1022
9	2	61
6	9	512
4	16	894596
17	12	1904
12	2	1230
7	12	22
13	9	725
13	14	454
6	12	230
16	19	1572
13	7	2198
15	7	2226
1	4	417
18	3	903
15	19	936
9	16	1610
5	14	1734
3	6	1302
18	2	787
3	10	720
16	13	1554
5	10	732
15	11	511
1	4	444
4	5	2179
15	4	262
3	13	1284
9	3	1480
10	1	287
5	13	577
19	2	41
4	5	1946
19	11	1425
1	6	632
4	13	943
8	19	2240
5	11	723
15	12	1052
11	12	851
14	19	1095
2	10	437
12	3	2055
12	17	602
2	5	889
19	14	643
9	18	94
17	3	405
17	5	394
17	20	6300
13	10	530
8	16	1689
12	19	781
20	7	1252
7	8	1728
17	12	336
18	15	428
6	20	1488600
2	3	91
1	5	179
9	12	506
1	6	1754
5	6	1843
18	11	1225
12	20	28900
7	18	1816
2	6	787
8	7	1204
3	11	1033
14	10	2072
19	5	868
12	11	202
14	4	587
14	17	571
16	18	1630
3	14	1133
17	19	2784
13	7	2273
18	15	1381
10	16	347
6	12	370
6	14	1042
17	14	2655
1	9	915
14	9	187
3	18	1545
8	6	852
18	17	1014
5	19	1362
10	2	1623
7	9	859
17	3	1277
9	3	120
19	3	315
13	11	423
6	5	983
2	1	92
1	12	775
16	12	2577
3	9	1022
17	9	1095
1	8	1026
3	4	868
2	17	1325
9	3	1136
6	1	1093
7	6	55
5	15	935
8	4	1578
1	13	586
17	9	349
17	10	1532
17	14	1053
9	7	1116
6	12	17
7	10	1035
2	19	61
14	19	107
7	1	787
5	6	612
20	10	1829
5	1	372
14	9	188
15	3	1331
8	18	1013376
17	18	917
19	12	1475
19	7	1114
19	8	86
13	5	1661
15	14	281
3	11	1893
15	16	2328
5	13	1248
5	2	753
4	2	841
16	18	1200
5	7	778
10	5	653
15	18	2035
3	5	436
2	14	1210
3	17	1197
6	18	2059
7	13	391
19	6	394
18	5	1680
3	8	1884
16	8	1337
11	13	49
3	16	205
19	7	1222
2	5	1940
6	13	516
14	4	1403
15	3	1003
13	15	1113
20	11	811
3	10	13
14	4	83
3	8	691
19	5	919
1	7	897
12	10	716
12	4	421
18	19	343
2	10	323
5	13	531
7	17	1483
17	2	1028
14	18	521
6	5	905
7	3	973
11	5	583
1	12	1691
19	9	1661
2	9	301
3	13	858
3	19	895
6	3	917
18	16	336
3	12	1225
12	19	736
16	10	1938
2	8	1734
11	12	1036
12	1	1033
2	3	1920
11	5	672
11	12	424
2	17	157
18	15	916
9	16	700
4	12	30
4	13	502
14	1	2258
4	2	1354
14	6	1743
20	19	185
17	7	679
16	6	881
12	15	822
7	16	503
9	8	739
12	3	416
12	16	1555
15	18	1270
16	14	2191
5	3	1519
9	7	189
6	16	1749
9	18	919
17	4	1429
8	17	745
1	6	604
8	20	954375
4	6	1158
10	6	197
5	6	1825
10	2	533
5	1	621
7	8	101
17	15	1069
11	3	291
5	18	1936
9	20	60825
10	15	905
8	3	92
8	7	86
9	4	1602
20	17	149
14	6	1811
1	10	607
11	10	716
19	2	148
20	8	370
18	4	695
15	8	2018
19	20	13050
8	3	457
8	6	1177
6	15	989
9	13	215
14	15	2530
5	11	1237
12	7	249
19	13	1268
10	5	139
5	3	1412
14	15	749
9	7	94
5	8	621
7	11	851
16	20	37750
19	6	424
15	16	1121
6	15	612
3	20	9925
10	20	7025
9	12	204
3	11	346
11	2	1095
6	2	374
17	9	2470
8	11	2104
18	2	585
2	8	1761
6	5	1971
9	13	2362
6	16	494
7	1	2461
19	3	857
6	15	2206
17	5	857
12	18	1288
14	19	1345
18	10	2163
17	10	2431
18	17	1191
4	16	925604
18	11	208
2	15	166
4	16	329118
17	2	1078
11	17	533
16	5	2062
16	12	703
7	15	1419
14	19	974
3	19	2012
13	12	52
15	14	754
3	9	256
8	9	1816
11	3	2354
4	11	1243626
7	6	445
19	17	870
4	9	365
7	5	948
13	11	379
6	15	14
2	5	1961
18	11	838
18	13	492
7	16	1423
5	9	1050
20	2	1388
7	18	1391
7	16	1043
18	12	175
11	14	1128
18	11	1041
18	17	230
14	11	356
15	4	828
13	10	149
18	2	755
10	14	180
18	7	363
7	19	6
8	13	322
14	9	390
13	3	1751
19	11	788
2	9	264
19	2	1425
14	13	1922
9	20	57875
14	4	1026
1	3	2004
14	2	215
18	14	204
6	8	437
14	2	743
3	16	1036
8	18	1169207
5	16	1026
3	7	1047
14	11	545
5	9	1159
10	15	396
7	4	1694
6	12	256
12	5	1084
3	4	1695
4	7	389
8	11	572
1	7	1203
12	16	251
5	20	4825
8	12	850265
11	17	776
16	8	2165
15	8	10
19	6	2564
13	16	555
4	7	1470
4	18	1054
10	15	928
13	12	960
8	16	2102
15	16	1592
16	2	1080
16	5	130
8	4	2386
17	11	432
20	18	1157
9	19	943
12	14	279
8	15	1612
8	12	29289
16	11	1682
4	12	1373
16	4	254
19	15	951
8	2	797
13	10	187
6	17	1313
14	2	206
12	14	1753
4	18	1371
3	11	834
8	19	382
2	12	1477
9	5	2172
9	7	1326
12	18	81
9	18	3
13	18	440
7	18	748
6	16	7
15	14	213
17	14	913
19	13	1262
17	18	135
7	19	1188
19	7	318
18	4	2022
6	16	515
6	7	14
1	17	1259434
8	18	31447
2	4	116
8	18	269776
12	7	623
12	18	641
1	14	856
12	1	1777
16	13	245
10	16	276
17	4	1033
17	8	215
17	18	2311
7	5	346
7	18	168
19	4	551
10	15	1197
7	10	628
9	7	2513
10	8	1241
5	13	506
1	5	1955
17	1	1080
9	8	183
4	6	1294
18	7	1099
14	8	405
18	7	535
2	9	484
2	4	325
18	7	726
17	4	1121
17	8	1436
7	17	2095
16	13	130
9	11	1034
12	14	1155
18	2	1220
4	11	798456
18	8	336
20	12	151
5	3	1149
11	14	657
11	13	1324
9	18	388
4	15	48
18	16	1773
8	18	29133
9	1	1390
8	1	206
6	17	649
11	20	21200
5	8	67
17	9	743
9	11	243
20	6	552
10	7	482
14	16	1406
12	19	1665
16	19	30
13	14	1653
4	3	496
9	14	1352
11	3	329
6	17	431
3	2	1078
15	10	123
2	5	1387
19	14	2486
16	17	1651
2	9	480
14	2	478
4	11	879814
14	13	1683
16	12	2099
19	12	2214
11	14	898
5	16	7
2	10	727
5	8	1033
5	1	856
1	5	51
7	15	1047
1	4	2025
18	2	2204
2	4	1048
17	5	796
15	12	718
18	4	979
7	14	182
20	1	14
19	3	251
1	2	892
2	17	387
4	2	1016
13	5	987
15	6	836
9	17	308
15	9	630
16	18	926
2	9	489
1	20	38100
15	17	875
20	4	952
19	18	833
9	17	1978
9	5	714
15	8	978
17	3	1611
10	13	99
7	18	1610
8	16	1554
12	17	651
9	4	337
17	4	887
17	19	484
4	17	737200
14	8	92
16	6	886
4	11	104386
18	13	77
12	16	577
16	2	210
15	10	890
10	16	912
13	3	606
6	10	2417
9	18	516
16	4	176
1	6	1054
17	2	1495
16	5	664
20	16	531
9	19	1548
11	19	313
15	13	706
14	7	1511
7	8	572
17	9	374
9	3	1379
6	9	799
10	16	103
17	8	356
19	16	1944
10	16	1734
8	11	1176
17	6	74
18	11	1063
6	3	612
1	14	2399
12	16	703
5	18	1187
2	19	116
10	2	15
8	13	265
4	12	1184
17	1	617
10	9	1510
13	11	267
3	16	353
4	9	223
2	14	1827
3	9	409
12	2	1750
14	9	1564
16	12	866
7	12	260
4	12	869
5	16	1894
12	15	344
3	15	1863
15	12	709
5	9	335
6	13	1067
15	2	1450
11	5	2282
1	17	1699
15	11	667
14	2	883
14	12	928
3	10	413
1	19	1673
17	14	1469
16	12	1299
5	18	1942
13	11	223
14	18	936
10	13	1041
7	8	1322
18	15	482
13	5	708
4	11	61560
4	1	724
18	5	1273
8	12	422630
7	10	630
11	8	510
7	9	2073
5	9	49
16	18	1180
10	11	614
10	9	826
10	14	1857
11	14	1615
19	10	947
8	6	909
9	6	1361
3	14	716
12	11	67
4	12	476
3	10	592
3	13	286
19	8	1472
17	8	410
1	9	371
4	19	128
7	11	496
12	14	427
11	13	802
9	12	1409
2	16	381
15	20	58725
8	18	6604
10	19	2154
7	11	1064
14	15	1172
17	9	1346
10	9	2014
11	7	1738
2	3	1044
10	7	1695
19	18	1378
18	2	1166
12	16	1993
15	4	1645
9	20	52800
8	10	947
11	20	32150
3	2	1087
12	18	642
7	12	2634
19	15	205
14	15	695
14	15	71
20	11	2148
7	11	1945
13	14	398
14	13	974
3	10	243
3	12	976
20	12	465
6	2	1799
11	6	1006
13	20	31025
15	19	598
2	10	431
12	7	952
18	19	2015
9	12	2150
4	11	465614
13	12	1165
19	6	29
5	8	908
14	15	964
2	14	1271
2	14	161
4	13	567
17	7	423
3	15	446
11	7	1519
20	11	390
9	10	1244
5	11	271
2	15	440
12	2	101
13	5	277
20	6	399
17	7	766
10	8	1401
15	14	744
10	2	158
7	16	1223
15	13	1342
20	15	305
19	18	247
4	7	89
16	15	1205
17	15	1623
19	12	1946
1	3	1198
11	17	574
3	11	775
8	16	1831
3	7	1058
12	11	752
16	6	548
18	13	1179
10	18	2342
11	3	102
7	12	2
7	10	19
6	4	624
8	13	311
4	18	1221
7	18	1201
5	15	227
3	14	574
2	3	239
7	13	710
13	17	1587
18	17	2099
20	15	2077
3	14	920
8	17	972
12	9	1501
12	10	1784
20	3	2924
12	7	319
12	9	2025
10	15	374
7	8	1883
15	18	956
18	20	15125
5	3	177
3	4	1359
12	2	1442
12	9	1307
14	11	809
1	18	393
11	10	269
20	5	897
14	2	176
14	4	221
12	7	1043
5	2	758
10	3	1567
9	14	2064
15	16	2172
5	14	988
5	13	1636
6	7	723
17	11	1012
15	18	68
10	7	853
17	7	555
14	19	1818
6	3	834
14	15	898
17	19	1795
4	7	781
12	11	2384
12	16	785
6	9	148
9	17	167
14	4	1414
1	11	322
12	11	129
18	19	502
17	12	781
8	12	303407
15	7	1004
4	13	2329
8	20	22675
4	1	661
8	15	857
15	6	1223
18	8	1424
18	2	1614
3	17	2479
19	2	680
16	1	1919
19	2	1142
8	15	720
13	15	821
4	15	57
18	11	507
8	3	2237
15	3	1883
1	13	786
20	5	246
16	8	868
9	12	913
9	5	2053
2	6	736
16	8	1400
7	5	2185
3	4	1788
8	4	252
19	5	1487
13	4	387
13	4	1198
19	13	1354
3	8	2217
19	6	1441
8	3	989
11	13	2309
12	17	1052
5	13	832
18	11	1644
18	10	1584
17	12	1992
11	15	1068
9	17	1143
18	10	123
13	7	52
4	17	650370
6	2	225
10	2	98
6	16	741
19	3	409
13	11	1560
18	4	379
2	4	903
12	4	959
16	18	1184
11	17	1364
12	19	1176
3	12	238
16	4	797
10	14	1080
11	20	35025
5	3	2145
7	15	697
2	7	1404
14	8	613
6	17	2252
4	7	747
3	9	1407
14	4	1329
8	16	419
5	19	1107
18	7	645
6	4	252
18	9	983
8	11	8
10	15	84
5	2	632
15	17	526
10	19	2188
7	11	801
16	10	674
19	20	4975
15	4	13
14	6	403
20	8	1233
13	3	176
13	5	262
2	16	1729
15	14	412
10	16	815
14	11	2498
8	11	1610
9	7	656
19	3	176
14	20	13575
17	20	42700
8	17	1413
13	12	960
13	5	96
17	12	1834
16	18	2655
1	6	1976
11	7	551
3	19	270
1	19	387
8	15	984
10	7	279
12	2	536
3	7	153
2	14	1403
8	10	2849
3	19	622
18	9	2217
8	12	27742
16	11	2089
6	18	1439
4	16	383496
9	11	334
2	11	579
11	17	2171
20	6	1595
12	6	1617
14	1	1778
8	19	1613
14	5	80
2	11	33
15	7	96
8	11	235
18	5	419
19	12	1583
18	3	416
14	9	933
11	3	1758
9	10	339
14	7	440
16	18	1114
18	12	142
13	15	1181
18	20	9525
2	11	406
10	5	1143
12	10	1588
5	18	1246
13	10	451
9	7	722
13	15	681
15	5	408
5	2	1194
10	7	1388
13	14	1120
17	5	1720
2	9	1346
14	6	1509
7	13	375
1	15	2440
8	19	1409
12	4	498
13	14	1686
12	10	786
12	3	646
6	19	323
10	5	1079
6	8	575
10	17	733
5	14	202
10	3	1325
16	18	1691
4	8	1368
2	1	1114
3	17	452
2	9	2057
11	15	314
18	1	906
9	2	347
13	19	2102
11	13	890
6	1	1128
6	5	159
6	16	1153
7	5	475
9	10	961
8	12	164762
6	18	979
1	2	1554
5	20	41875
16	17	1011
19	20	30450
17	11	564
19	17	1300
15	19	625
6	12	386
