Minimalis 24, db: 56
28 18 47 37 39 6 29 43 10 33 22 45 44 21 38 40 26 8 48 23 32 27 34 42 
19 18 47 37 39 6 29 43 10 33 22 45 44 21 38 40 26 8 48 23 32 27 34 42 
42 28 47 37 39 6 29 43 10 33 22 45 44 21 38 15 40 26 8 48 23 32 27 34 
42 19 47 37 39 6 29 43 10 33 22 45 44 21 38 15 40 26 8 48 23 32 27 34 
28 18 47 37 39 6 29 43 10 33 22 45 44 21 38 40 26 8 9 32 23 27 34 42 
19 18 47 37 39 6 29 43 10 33 22 45 44 21 38 40 26 8 9 32 23 27 34 42 
42 28 47 37 39 6 29 43 10 33 22 45 44 21 38 15 40 26 8 9 32 23 27 34 
42 19 47 37 39 6 29 43 10 33 22 45 44 21 38 15 40 26 8 9 32 23 27 34 
28 18 47 37 39 6 29 43 10 22 45 44 21 38 40 26 7 8 48 23 32 27 34 42 
19 18 47 37 39 6 29 43 10 22 45 44 21 38 40 26 7 8 48 23 32 27 34 42 
42 28 47 37 39 6 29 43 10 22 45 44 21 38 15 40 26 7 8 48 23 32 27 34 
42 19 47 37 39 6 29 43 10 22 45 44 21 38 15 40 26 7 8 48 23 32 27 34 
28 18 47 37 39 6 29 43 10 22 45 44 21 38 40 26 7 8 9 32 23 27 34 42 
19 18 47 37 39 6 29 43 10 22 45 44 21 38 40 26 7 8 9 32 23 27 34 42 
42 28 47 37 39 6 29 43 10 22 45 44 21 38 15 40 26 7 8 9 32 23 27 34 
42 19 47 37 39 6 29 43 10 22 45 44 21 38 15 40 26 7 8 9 32 23 27 34 
28 18 47 2 48 37 6 29 43 10 33 22 45 44 21 38 40 26 8 23 32 27 34 42 
19 18 47 2 48 37 6 29 43 10 33 22 45 44 21 38 40 26 8 23 32 27 34 42 
42 28 47 2 48 37 6 29 43 10 33 22 45 44 21 38 15 40 26 8 23 32 27 34 
42 19 47 2 48 37 6 29 43 10 33 22 45 44 21 38 15 40 26 8 23 32 27 34 
28 18 47 2 37 6 29 43 10 33 22 45 44 21 38 40 26 8 9 32 23 27 34 42 
19 18 47 2 37 6 29 43 10 33 22 45 44 21 38 40 26 8 9 32 23 27 34 42 
42 28 47 2 37 6 29 43 10 33 22 45 44 21 38 15 40 26 8 9 32 23 27 34 
42 19 47 2 37 6 29 43 10 33 22 45 44 21 38 15 40 26 8 9 32 23 27 34 
28 18 47 2 48 37 6 29 43 10 22 45 44 21 38 40 26 7 8 23 32 27 34 42 
19 18 47 2 48 37 6 29 43 10 22 45 44 21 38 40 26 7 8 23 32 27 34 42 
42 28 47 2 48 37 6 29 43 10 22 45 44 21 38 15 40 26 7 8 23 32 27 34 
42 19 47 2 48 37 6 29 43 10 22 45 44 21 38 15 40 26 7 8 23 32 27 34 
28 18 47 2 37 6 29 43 10 22 45 44 21 38 40 26 7 8 9 32 23 27 34 42 
19 18 47 2 37 6 29 43 10 22 45 44 21 38 40 26 7 8 9 32 23 27 34 42 
42 28 47 2 37 6 29 43 10 22 45 44 21 38 15 40 26 7 8 9 32 23 27 34 
42 19 47 2 37 6 29 43 10 22 45 44 21 38 15 40 26 7 8 9 32 23 27 34 
43 28 47 2 1 48 6 29 21 44 10 33 22 45 38 40 26 8 23 32 27 34 42 18 
31 28 47 2 1 48 6 29 21 44 10 33 22 45 38 40 26 8 23 32 27 34 42 18 
43 19 47 2 1 48 6 29 21 44 10 33 22 45 38 40 26 8 23 32 27 34 42 18 
31 19 47 2 1 48 6 29 21 44 10 33 22 45 38 40 26 8 23 32 27 34 42 18 
42 28 47 2 1 48 6 29 21 44 10 33 22 45 38 15 40 26 8 23 32 27 34 43 
42 19 47 2 1 48 6 29 21 44 10 33 22 45 38 15 40 26 8 23 32 27 34 43 
43 28 47 1 2 6 29 21 44 10 33 22 45 38 40 26 8 9 32 23 27 34 42 18 
31 28 47 1 2 6 29 21 44 10 33 22 45 38 40 26 8 9 32 23 27 34 42 18 
43 19 47 1 2 6 29 21 44 10 33 22 45 38 40 26 8 9 32 23 27 34 42 18 
31 19 47 1 2 6 29 21 44 10 33 22 45 38 40 26 8 9 32 23 27 34 42 18 
42 28 47 1 2 6 29 21 44 10 33 22 45 38 15 40 26 8 9 32 23 27 34 43 
42 19 47 1 2 6 29 21 44 10 33 22 45 38 15 40 26 8 9 32 23 27 34 43 
43 28 47 2 1 48 6 29 21 44 10 22 45 38 40 26 7 8 23 32 27 34 42 18 
31 28 47 2 1 48 6 29 21 44 10 22 45 38 40 26 7 8 23 32 27 34 42 18 
43 19 47 2 1 48 6 29 21 44 10 22 45 38 40 26 7 8 23 32 27 34 42 18 
31 19 47 2 1 48 6 29 21 44 10 22 45 38 40 26 7 8 23 32 27 34 42 18 
42 28 47 2 1 48 6 29 21 44 10 22 45 38 15 40 26 7 8 23 32 27 34 43 
42 19 47 2 1 48 6 29 21 44 10 22 45 38 15 40 26 7 8 23 32 27 34 43 
43 28 47 1 2 6 29 21 44 10 22 45 38 40 26 7 8 9 32 23 27 34 42 18 
31 28 47 1 2 6 29 21 44 10 22 45 38 40 26 7 8 9 32 23 27 34 42 18 
43 19 47 1 2 6 29 21 44 10 22 45 38 40 26 7 8 9 32 23 27 34 42 18 
31 19 47 1 2 6 29 21 44 10 22 45 38 40 26 7 8 9 32 23 27 34 42 18 
42 28 47 1 2 6 29 21 44 10 22 45 38 15 40 26 7 8 9 32 23 27 34 43 
42 19 47 1 2 6 29 21 44 10 22 45 38 15 40 26 7 8 9 32 23 27 34 43 
01020607080910151819212223262728293132333437383940424344454748
